0 0 0 0 0 0 0 0 0 0 0 0 0 0 0 0 0 0 0 0 0 0 0 0 0 0 0 0 0 0 0 0 0 0 0 0 0 0 0 0 0 0 0 0 0 0 0 0 0 0 0 
0 0 0 0 0 0 0 0 0 0 0 0 0 0 0 0 0 0 0 0 0 0 0 0 0 0 0 0 0 0 0 0 0 0 0 0 0 0 0 0 0 0 0 0 0 0 0 0 0 0 0 
0 0 0 0 0 0 0 0 0 0 0 0 0 0 0 0 0 0 0 0 0 0 0 0 0 0 0 0 0 0 0 0 0 0 0 0 0 0 0 0 0 0 0 0 0 0 0 0 0 0 0 
0 0 0 0 0 0 0 0 0 0 0 0 0 0 0 0 0 0 1.248527e-05 1.696885e-04 3.822947e-04 1.634867e-04 1.194948e-05 2.610826e-07 8.564341e-09 2.208814e-09 8.564341e-09 2.610826e-07 1.194948e-05 1.634867e-04 3.822947e-04 1.696885e-04 1.248527e-05 0 0 0 0 0 0 0 0 0 0 0 0 0 0 0 0 0 0 
0 0 0 0 0 0 0 0 0 0 0 0 0 0 0 0 0 0 2.500629e-05 3.399895e-04 7.698942e-04 3.344603e-04 2.563891e-05 6.136325e-07 2.225671e-08 5.999874e-09 2.225671e-08 6.136325e-07 2.563891e-05 3.344603e-04 7.698942e-04 3.399895e-04 2.500629e-05 0 0 0 0 0 0 0 0 0 0 0 0 0 0 0 0 0 0 
0 0 0 0 0 0 0 0 0 0 0 0 0 0 0 0 0 0 3.751127e-05 5.103250e-04 1.165445e-03 5.194922e-04 4.289666e-05 1.171964e-06 4.867738e-08 1.389502e-08 4.867738e-08 1.171964e-06 4.289666e-05 5.194922e-04 1.165445e-03 5.103250e-04 3.751127e-05 0 0 0 0 0 0 0 0 0 0 0 0 0 0 0 0 0 0 
0 0 0 0 0 0 0 0 0 0 0 0 0 0 0 0 0 0 4.994757e-05 6.801012e-04 1.571491e-03 7.254289e-04 6.588050e-05 2.106309e-06 1.018439e-07 3.095086e-08 1.018439e-07 2.106309e-06 6.588050e-05 7.254289e-04 1.571491e-03 6.801012e-04 4.994757e-05 0 0 0 0 0 0 0 0 0 0 0 0 0 0 0 0 0 0 
0 0 0 0 0 0 0 0 0 0 0 0 0 0 0 0 0 0 6.226199e-05 8.487072e-04 1.990373e-03 9.594825e-04 9.729305e-05 3.692969e-06 2.097102e-07 6.806413e-08 2.097102e-07 3.692969e-06 9.729305e-05 9.594825e-04 1.990373e-03 8.487072e-04 6.226199e-05 0 0 0 0 0 0 0 0 0 0 0 0 0 0 0 0 0 0 
0 0 0 0 0 0 0 0 0 0 0 0 0 0 0 0 0 0 7.440103e-05 1.015516e-03 2.424125e-03 1.229355e-03 1.406776e-04 6.397905e-06 4.294278e-07 1.492228e-07 4.294278e-07 6.397905e-06 1.406776e-04 1.229355e-03 2.424125e-03 1.015516e-03 7.440103e-05 0 0 0 0 0 0 0 0 0 0 0 0 0 0 0 0 0 0 
0 0 0 0 0 0 0 0 0 0 0 0 0 0 0 0 0 0 8.631119e-05 1.179883e-03 2.874364e-03 1.543384e-03 2.008194e-04 1.101791e-05 8.788167e-07 3.276582e-07 8.788167e-07 1.101791e-05 2.008194e-04 1.543384e-03 2.874364e-03 1.179883e-03 8.631119e-05 0 0 0 0 0 0 0 0 0 0 0 0 0 0 0 0 0 0 
0 0 0 0 0 0 0 0 0 0 0 0 0 0 0 0 0 0 9.793931e-05 1.341149e-03 3.342177e-03 1.910688e-03 2.842861e-04 1.892104e-05 1.801730e-06 7.220627e-07 1.801730e-06 1.892104e-05 2.842861e-04 1.910688e-03 3.342177e-03 1.341149e-03 9.793931e-05 0 0 0 0 0 0 0 0 0 0 0 0 0 0 0 0 0 0 
0 0 0 0 0 0 0 0 0 0 0 0 0 0 0 0 0 0 1.092328e-04 1.498643e-03 3.828004e-03 2.341251e-03 4.001518e-04 3.245821e-05 3.704119e-06 1.597960e-06 3.704119e-06 3.245821e-05 4.001518e-04 2.341251e-03 3.828004e-03 1.498643e-03 1.092328e-04 0 0 0 0 0 0 0 0 0 0 0 0 0 0 0 0 0 0 
0 0 0 0 0 0 0 0 0 0 0 0 0 0 0 0 0 0 1.201402e-04 1.651679e-03 4.331528e-03 2.845888e-03 5.609567e-04 5.566847e-05 7.637024e-06 3.550344e-06 7.637024e-06 5.566847e-05 5.609567e-04 2.845888e-03 4.331528e-03 1.651679e-03 1.201402e-04 0 0 0 0 0 0 0 0 0 0 0 0 0 0 0 0 0 0 
0 0 0 0 0 0 0 0 0 0 0 0 0 0 0 0 0 0 1.306109e-04 1.799566e-03 4.851571e-03 3.435996e-03 7.839372e-04 9.547977e-05 1.578261e-05 7.911937e-06 1.578261e-05 9.547977e-05 7.839372e-04 3.435996e-03 4.851571e-03 1.799566e-03 1.306109e-04 0 0 0 0 0 0 0 0 0 0 0 0 0 0 0 0 0 0 
0 0 0 0 0 0 0 0 0 0 0 0 0 0 0 0 0 0 1.405963e-04 1.941605e-03 5.386020e-03 4.123012e-03 1.092485e-03 1.637170e-04 3.265413e-05 1.765616e-05 3.265413e-05 1.637170e-04 1.092485e-03 4.123012e-03 5.386020e-03 1.941605e-03 1.405963e-04 0 0 0 0 0 0 0 0 0 0 0 0 0 0 0 0 0 0 
0 0 0 0 0 0 0 0 0 0 0 0 0 0 0 0 0 0 1.500493e-04 2.077100e-03 5.931762e-03 4.917491e-03 1.517622e-03 2.803315e-04 6.749065e-05 3.934708e-05 6.749065e-05 2.803315e-04 1.517622e-03 4.917491e-03 5.931762e-03 2.077100e-03 1.500493e-04 0 0 0 0 0 0 0 0 0 0 0 0 0 0 0 0 0 0 
0 0 0 0 0 0 0 0 0 0 0 0 0 0 0 0 0 0 1.589251e-04 2.205358e-03 6.484670e-03 5.827778e-03 2.098994e-03 4.782304e-04 1.388054e-04 8.715917e-05 1.388054e-04 4.782304e-04 2.098994e-03 5.827778e-03 6.484670e-03 2.205358e-03 1.589251e-04 0 0 0 0 0 0 0 0 0 0 0 0 0 0 0 0 0 0 
0 0 0 0 0 0 0 0 0 0 0 0 0 0 0 0 0 0 1.671813e-04 2.325698e-03 7.039627e-03 6.858313e-03 2.884483e-03 8.096344e-04 2.823177e-04 1.905275e-04 2.823177e-04 8.096344e-04 2.884483e-03 6.858313e-03 7.039627e-03 2.325698e-03 1.671813e-04 0 0 0 0 0 0 0 0 0 0 0 0 0 0 0 0 0 0 
0 0 0 0 0 0 0 0 0 0 0 0 0 0 0 0 0 0 1.747781e-04 2.437458e-03 7.590594e-03 8.007706e-03 3.927221e-03 1.352627e-03 5.629834e-04 4.069566e-04 5.629834e-04 1.352627e-03 3.927221e-03 8.007706e-03 7.590594e-03 2.437458e-03 1.747781e-04 0 0 0 0 0 0 0 0 0 0 0 0 0 0 0 0 0 0 
0 0 0 0 0 0 0 0 0 0 0 0 0 0 0 0 0 0 1.816789e-04 2.539998e-03 8.130744e-03 9.266854e-03 5.278773e-03 2.214293e-03 1.089283e-03 8.393982e-04 1.089283e-03 2.214293e-03 5.278773e-03 9.266854e-03 8.130744e-03 2.539998e-03 1.816789e-04 0 0 0 0 0 0 0 0 0 0 0 0 0 0 0 0 0 0 
0 0 0 0 0 0 0 0 0 0 0 0 0 0 0 0 0 0 1.878500e-04 2.632711e-03 8.652640e-03 1.061745e-02 6.977905e-03 3.524230e-03 2.022292e-03 1.651502e-03 2.022292e-03 3.524230e-03 6.977905e-03 1.061745e-02 8.652640e-03 2.632711e-03 1.878500e-04 0 0 0 0 0 0 0 0 0 0 0 0 0 0 0 0 0 0 
0 0 0 0 0 0 0 0 0 0 0 0 0 0 0 0 0 0 1.932612e-04 2.715030e-03 9.148460e-03 1.203130e-02 9.035922e-03 5.411389e-03 3.564836e-03 3.064351e-03 3.564836e-03 5.411389e-03 9.035922e-03 1.203130e-02 9.148460e-03 2.715030e-03 1.932612e-04 0 0 0 0 0 0 0 0 0 0 0 0 0 0 0 0 0 0 
0 0 0 0 0 0 0 0 0 0 0 0 0 0 0 0 0 0 1.978860e-04 2.786433e-03 9.610264e-03 1.347081e-02 1.142177e-02 7.961392e-03 5.913846e-03 5.312052e-03 5.913846e-03 7.961392e-03 1.142177e-02 1.347081e-02 9.610264e-03 2.786433e-03 1.978860e-04 0 0 0 0 0 0 0 0 0 0 0 0 0 0 0 0 0 0 
0 0 0 0 0 0 0 0 0 0 0 0 0 0 0 0 0 0 2.017017e-04 2.846452e-03 1.003028e-02 1.489089e-02 1.405207e-02 1.116247e-02 9.172092e-03 8.544621e-03 9.172092e-03 1.116247e-02 1.405207e-02 1.489089e-02 1.003028e-02 2.846452e-03 2.017017e-04 0 0 0 0 0 0 0 0 0 0 0 0 0 0 0 0 0 0 
0 0 0 0 0 0 0 0 0 0 0 0 0 0 0 0 0 0 2.046893e-04 2.894680e-03 1.040121e-02 1.624220e-02 1.679188e-02 1.486223e-02 1.324697e-02 1.270377e-02 1.324697e-02 1.486223e-02 1.679188e-02 1.624220e-02 1.040121e-02 2.894680e-03 2.046893e-04 0 0 0 0 0 0 0 0 0 0 0 0 0 0 0 0 0 0 
0 0 0 0 0 0 0 0 0 0 0 0 0 0 0 0 0 0 2.068340e-04 2.930773e-03 1.071648e-02 1.747547e-02 1.946949e-02 1.876463e-02 1.779707e-02 1.744360e-02 1.779707e-02 1.876463e-02 1.946949e-02 1.747547e-02 1.071648e-02 2.930773e-03 2.068340e-04 0 0 0 0 0 0 0 0 0 0 0 0 0 0 0 0 0 0 
0 0 0 0 0 0 0 0 0 0 0 0 0 0 0 0 0 0 2.081252e-04 2.954461e-03 1.097052e-02 1.854624e-02 2.190422e-02 2.248538e-02 2.228663e-02 2.217743e-02 2.228663e-02 2.248538e-02 2.190422e-02 1.854624e-02 1.097052e-02 2.954461e-03 2.081252e-04 0 0 0 0 0 0 0 0 0 0 0 0 0 0 0 0 0 0 
0 0 0 0 0 0 0 0 0 0 0 0 0 0 0 0 0 0 2.085566e-04 2.965547e-03 1.115895e-02 1.941927e-02 2.394035e-02 2.565441e-02 2.615210e-02 2.626751e-02 2.615210e-02 2.565441e-02 2.394035e-02 1.941927e-02 1.115895e-02 2.965547e-03 2.085566e-04 0 0 0 0 0 0 0 0 0 0 0 0 0 0 0 0 0 0 
0 0 0 0 0 0 0 0 0 0 0 0 0 0 0 0 0 0 2.081258e-04 2.963912e-03 1.127872e-02 2.007186e-02 2.547672e-02 2.802346e-02 2.900409e-02 2.926793e-02 2.900409e-02 2.802346e-02 2.547672e-02 2.007186e-02 1.127872e-02 2.963912e-03 2.081258e-04 0 0 0 0 0 0 0 0 0 0 0 0 0 0 0 0 0 0 
0 0 0 0 0 0 0 0 0 0 0 0 0 0 0 0 0 0 2.068351e-04 2.949520e-03 1.132819e-02 2.049547e-02 2.648236e-02 2.952742e-02 3.075028e-02 3.107603e-02 3.075028e-02 2.952742e-02 2.648236e-02 2.049547e-02 1.132819e-02 2.949520e-03 2.068351e-04 0 0 0 0 0 0 0 0 0 0 0 0 0 0 0 0 0 0 
0 0 0 0 0 0 0 0 0 0 0 0 0 0 0 0 0 0 2.046910e-04 2.922412e-03 1.130709e-02 2.069539e-02 2.699353e-02 3.027244e-02 3.157293e-02 3.190566e-02 3.157293e-02 3.027244e-02 2.699353e-02 2.069539e-02 1.130709e-02 2.922412e-03 2.046910e-04 0 0 0 0 0 0 0 0 0 0 0 0 0 0 0 0 0 0 
0 0 0 0 0 0 0 0 0 0 0 0 0 0 0 0 0 0 2.017039e-04 2.882713e-03 1.121648e-02 2.068860e-02 2.709448e-02 3.046453e-02 3.179269e-02 3.212269e-02 3.179269e-02 3.046453e-02 2.709448e-02 2.068860e-02 1.121648e-02 2.882713e-03 2.017039e-04 0 0 0 0 0 0 0 0 0 0 0 0 0 0 0 0 0 0 
0 0 0 0 0 0 0 0 0 0 0 0 0 0 0 0 0 0 1.978887e-04 2.830624e-03 1.105860e-02 2.050033e-02 2.689034e-02 3.032153e-02 3.171465e-02 3.206387e-02 3.171465e-02 3.032153e-02 2.689034e-02 2.050033e-02 1.105860e-02 2.830624e-03 1.978887e-04 0 0 0 0 0 0 0 0 0 0 0 0 0 0 0 0 0 0 
0 0 0 0 0 0 0 0 0 0 0 0 0 0 0 0 0 0 1.932643e-04 2.766425e-03 1.083667e-02 2.015999e-02 2.648157e-02 3.000967e-02 3.153727e-02 3.193695e-02 3.153727e-02 3.000967e-02 2.648157e-02 2.015999e-02 1.083667e-02 2.766425e-03 1.932643e-04 0 0 0 0 0 0 0 0 0 0 0 0 0 0 0 0 0 0 
0 0 0 0 0 0 0 0 0 0 0 0 0 0 0 0 0 0 1.878535e-04 2.690467e-03 1.055469e-02 1.969718e-02 2.594701e-02 2.962176e-02 3.134142e-02 3.181638e-02 3.134142e-02 2.962176e-02 2.594701e-02 1.969718e-02 1.055469e-02 2.690467e-03 1.878535e-04 0 0 0 0 0 0 0 0 0 0 0 0 0 0 0 0 0 0 
0 0 0 0 0 0 0 0 0 0 0 0 0 0 0 0 0 0 1.816827e-04 2.603170e-03 1.021718e-02 1.913844e-02 2.533768e-02 2.918876e-02 3.112734e-02 3.169034e-02 3.112734e-02 2.918876e-02 2.533768e-02 1.913844e-02 1.021718e-02 2.603170e-03 1.816827e-04 0 0 0 0 0 0 0 0 0 0 0 0 0 0 0 0 0 0 
0 0 0 0 0 0 0 0 0 0 0 0 0 0 0 0 0 0 1.747822e-04 2.505017e-03 9.828949e-03 1.850502e-02 2.467929e-02 2.870492e-02 3.085866e-02 3.151086e-02 3.085866e-02 2.870492e-02 2.467929e-02 1.850502e-02 9.828949e-03 2.505017e-03 1.747822e-04 0 0 0 0 0 0 0 0 0 0 0 0 0 0 0 0 0 0 
0 0 0 0 0 0 0 0 0 0 0 0 0 0 0 0 0 0 1.671856e-04 2.396546e-03 9.394902e-03 1.781185e-02 2.397931e-02 2.815055e-02 3.049227e-02 3.122539e-02 3.049227e-02 2.815055e-02 2.397931e-02 1.781185e-02 9.394902e-03 2.396546e-03 1.671856e-04 0 0 0 0 0 0 0 0 0 0 0 0 0 0 0 0 0 0 
0 0 0 0 0 0 0 0 0 0 0 0 0 0 0 0 0 0 1.589295e-04 2.278349e-03 8.919847e-03 1.706744e-02 2.323461e-02 2.750576e-02 2.999219e-02 3.079076e-02 2.999219e-02 2.750576e-02 2.323461e-02 1.706744e-02 8.919847e-03 2.278349e-03 1.589295e-04 0 0 0 0 0 0 0 0 0 0 0 0 0 0 0 0 0 0 
0 0 0 0 0 0 0 0 0 0 0 0 0 0 0 0 0 0 1.500538e-04 2.151060e-03 8.408363e-03 1.627460e-02 2.243710e-02 2.675613e-02 2.933391e-02 3.017760e-02 2.933391e-02 2.675613e-02 2.243710e-02 1.627460e-02 8.408363e-03 2.151060e-03 1.500538e-04 0 0 0 0 0 0 0 0 0 0 0 0 0 0 0 0 0 0 
0 0 0 0 0 0 0 0 0 0 0 0 0 0 0 0 0 0 1.406008e-04 2.015352e-03 7.864715e-03 1.543159e-02 2.157675e-02 2.589334e-02 2.850480e-02 2.937085e-02 2.850480e-02 2.589334e-02 2.157675e-02 1.543159e-02 7.864715e-03 2.015352e-03 1.406008e-04 0 0 0 0 0 0 0 0 0 0 0 0 0 0 0 0 0 0 
0 0 0 0 0 0 0 0 0 0 0 0 0 0 0 0 0 0 1.306153e-04 1.871927e-03 7.292812e-03 1.453341e-02 2.064210e-02 2.491384e-02 2.750281e-02 2.836838e-02 2.750281e-02 2.491384e-02 2.064210e-02 1.453341e-02 7.292812e-03 1.871927e-03 1.306153e-04 0 0 0 0 0 0 0 0 0 0 0 0 0 0 0 0 0 0 
0 0 0 0 0 0 0 0 0 0 0 0 0 0 0 0 0 0 1.201444e-04 1.721513e-03 6.696211e-03 1.357321e-02 1.961925e-02 2.381616e-02 2.633404e-02 2.717826e-02 2.633404e-02 2.381616e-02 1.961925e-02 1.357321e-02 6.696211e-03 1.721513e-03 1.201444e-04 0 0 0 0 0 0 0 0 0 0 0 0 0 0 0 0 0 0 
0 0 0 0 0 0 0 0 0 0 0 0 0 0 0 0 0 0 1.092369e-04 1.564858e-03 6.078144e-03 1.254355e-02 1.849021e-02 2.259717e-02 2.500890e-02 2.581463e-02 2.500890e-02 2.259717e-02 1.849021e-02 1.254355e-02 6.078144e-03 1.564858e-03 1.092369e-04 0 0 0 0 0 0 0 0 0 0 0 0 0 0 0 0 0 0 
0 0 0 0 0 0 0 0 0 0 0 0 0 0 0 0 0 0 9.794305e-05 1.402721e-03 5.441581e-03 1.143768e-02 1.723154e-02 2.124645e-02 2.353601e-02 2.429195e-02 2.353601e-02 2.124645e-02 1.723154e-02 1.143768e-02 5.441581e-03 1.402721e-03 9.794305e-05 0 0 0 0 0 0 0 0 0 0 0 0 0 0 0 0 0 0 
0 0 0 0 0 0 0 0 0 0 0 0 0 0 0 0 0 0 8.631459e-05 1.235868e-03 4.789294e-03 1.025060e-02 1.581425e-02 1.973885e-02 2.191261e-02 2.261576e-02 2.191261e-02 1.973885e-02 1.581425e-02 1.025060e-02 4.789294e-03 1.235868e-03 8.631459e-05 0 0 0 0 0 0 0 0 0 0 0 0 0 0 0 0 0 0 
0 0 0 0 0 0 0 0 0 0 0 0 0 0 0 0 0 0 7.440403e-05 1.065071e-03 4.123920e-03 8.980173e-03 1.420598e-02 1.802692e-02 2.010998e-02 2.076744e-02 2.010998e-02 1.802692e-02 1.420598e-02 8.980173e-03 4.123920e-03 1.065071e-03 7.440403e-05 0 0 0 0 0 0 0 0 0 0 0 0 0 0 0 0 0 0 
0 0 0 0 0 0 0 0 0 0 0 0 0 0 0 0 0 0 6.226456e-05 8.910984e-04 3.448028e-03 7.627990e-03 1.237620e-02 1.603744e-02 1.805529e-02 1.868197e-02 1.805529e-02 1.603744e-02 1.237620e-02 7.627990e-03 3.448028e-03 8.910984e-04 6.226456e-05 0 0 0 0 0 0 0 0 0 0 0 0 0 0 0 0 0 0 
0 0 0 0 0 0 0 0 0 0 0 0 0 0 0 0 0 0 4.994967e-05 7.147139e-04 2.764160e-03 6.199961e-03 1.030440e-02 1.367990e-02 1.562055e-02 1.622726e-02 1.562055e-02 1.367990e-02 1.030440e-02 6.199961e-03 2.764160e-03 7.147139e-04 4.994967e-05 0 0 0 0 0 0 0 0 0 0 0 0 0 0 0 0 0 0 
0 0 0 0 0 0 0 0 0 0 0 0 0 0 0 0 0 0 3.751287e-05 5.366738e-04 2.074861e-03 4.706584e-03 7.989630e-03 1.087376e-02 1.264164e-02 1.321226e-02 1.264164e-02 1.087376e-02 7.989630e-03 4.706584e-03 2.074861e-03 5.366738e-04 3.751287e-05 0 0 0 0 0 0 0 0 0 0 0 0 0 0 0 0 0 0 
0 0 0 0 0 0 0 0 0 0 0 0 0 0 0 0 0 0 2.500736e-05 3.577229e-04 1.382690e-03 3.162715e-03 5.458425e-03 7.592744e-03 8.991062e-03 9.462625e-03 8.991062e-03 7.592744e-03 5.458425e-03 3.162715e-03 1.382690e-03 3.577229e-04 2.500736e-05 0 0 0 0 0 0 0 0 0 0 0 0 0 0 0 0 0 0 
