0 0 0 0 0 0 0 0 0 0 0 0 0 0 0 0 0 0 0 0 0 0 0 0 0 0 0 0 0 0 0 0 0 0 0 0 0 0 0 0 0 0 0 0 0 0 0 0 0 0 0 
0 0 0 0 0 0 0 0 0 0 0 0 0 0 0 0 0 0 0 0 0 0 0 0 0 0 0 0 0 0 0 0 0 0 0 0 0 0 0 0 0 0 0 0 0 0 0 0 0 0 0 
0 0 0 0 0 0 0 0 0 0 0 0 0 0 0 0 0 0 0 0 0 0 0 0 0 0 0 0 0 0 0 0 0 0 0 0 0 0 0 0 0 0 0 0 0 0 0 0 0 0 0 
0 0 0 0 0 0 0 0 0 0 0 0 0 0 0 0 0 0 1.248527e-05 1.696885e-04 3.822947e-04 1.634867e-04 1.194948e-05 2.610826e-07 8.564341e-09 2.208814e-09 8.564341e-09 2.610826e-07 1.194948e-05 1.634867e-04 3.822947e-04 1.696885e-04 1.248527e-05 0 0 0 0 0 0 0 0 0 0 0 0 0 0 0 0 0 0 
0 0 0 0 0 0 0 0 0 0 0 0 0 0 0 0 0 0 2.500629e-05 3.399895e-04 7.698942e-04 3.344603e-04 2.563891e-05 6.136325e-07 2.225671e-08 5.999874e-09 2.225671e-08 6.136325e-07 2.563891e-05 3.344603e-04 7.698942e-04 3.399895e-04 2.500629e-05 0 0 0 0 0 0 0 0 0 0 0 0 0 0 0 0 0 0 
0 0 0 0 0 0 0 0 0 0 0 0 0 0 0 0 0 0 3.751127e-05 5.103250e-04 1.165445e-03 5.194922e-04 4.289666e-05 1.171964e-06 4.867738e-08 1.389502e-08 4.867738e-08 1.171964e-06 4.289666e-05 5.194922e-04 1.165445e-03 5.103250e-04 3.751127e-05 0 0 0 0 0 0 0 0 0 0 0 0 0 0 0 0 0 0 
0 0 0 0 0 0 0 0 0 0 0 0 0 0 0 0 0 0 4.994757e-05 6.801012e-04 1.571491e-03 7.254289e-04 6.588050e-05 2.106309e-06 1.018439e-07 3.095086e-08 1.018439e-07 2.106309e-06 6.588050e-05 7.254289e-04 1.571491e-03 6.801012e-04 4.994757e-05 0 0 0 0 0 0 0 0 0 0 0 0 0 0 0 0 0 0 
0 0 0 0 0 0 0 0 0 0 0 0 0 0 0 0 0 0 6.226199e-05 8.487072e-04 1.990373e-03 9.594825e-04 9.729305e-05 3.692969e-06 2.097102e-07 6.806413e-08 2.097102e-07 3.692969e-06 9.729305e-05 9.594825e-04 1.990373e-03 8.487072e-04 6.226199e-05 0 0 0 0 0 0 0 0 0 0 0 0 0 0 0 0 0 0 
0 0 0 0 0 0 0 0 0 0 0 0 0 0 0 0 0 0 7.440103e-05 1.015516e-03 2.424125e-03 1.229355e-03 1.406776e-04 6.397905e-06 4.294278e-07 1.492228e-07 4.294278e-07 6.397905e-06 1.406776e-04 1.229355e-03 2.424125e-03 1.015516e-03 7.440103e-05 0 0 0 0 0 0 0 0 0 0 0 0 0 0 0 0 0 0 
0 0 0 0 0 0 0 0 0 0 0 0 0 0 0 0 0 0 8.631119e-05 1.179883e-03 2.874364e-03 1.543384e-03 2.008194e-04 1.101791e-05 8.788167e-07 3.276582e-07 8.788167e-07 1.101791e-05 2.008194e-04 1.543384e-03 2.874364e-03 1.179883e-03 8.631119e-05 0 0 0 0 0 0 0 0 0 0 0 0 0 0 0 0 0 0 
0 0 0 0 0 0 0 0 0 0 0 0 0 0 0 0 0 0 9.793931e-05 1.341149e-03 3.342177e-03 1.910688e-03 2.842861e-04 1.892104e-05 1.801730e-06 7.220627e-07 1.801730e-06 1.892104e-05 2.842861e-04 1.910688e-03 3.342177e-03 1.341149e-03 9.793931e-05 0 0 0 0 0 0 0 0 0 0 0 0 0 0 0 0 0 0 
0 0 0 0 0 0 0 0 0 0 0 0 0 0 0 0 0 0 1.092328e-04 1.498643e-03 3.828004e-03 2.341251e-03 4.001518e-04 3.245821e-05 3.704119e-06 1.597960e-06 3.704119e-06 3.245821e-05 4.001518e-04 2.341251e-03 3.828004e-03 1.498643e-03 1.092328e-04 0 0 0 0 0 0 0 0 0 0 0 0 0 0 0 0 0 0 
0 0 0 0 0 0 0 0 0 0 0 0 0 0 0 0 0 0 1.201402e-04 1.651679e-03 4.331528e-03 2.845888e-03 5.609567e-04 5.566847e-05 7.637024e-06 3.550344e-06 7.637024e-06 5.566847e-05 5.609567e-04 2.845888e-03 4.331528e-03 1.651679e-03 1.201402e-04 0 0 0 0 0 0 0 0 0 0 0 0 0 0 0 0 0 0 
-2.357121e-10 -1.962046e-10 -1.738374e-10 -1.540029e-10 -1.356847e-10 -8.940901e-11 -6.319273e-11 -5.513367e-11 -4.739966e-11 -2.960125e-11 -8.688395e-12 -8.213585e-12 -6.934275e-12 -5.152838e-12 -2.561223e-13 5.305594e-14 0 0 1.306109e-04 1.799566e-03 4.851571e-03 3.435996e-03 7.839372e-04 9.547977e-05 1.578261e-05 7.911937e-06 1.578261e-05 9.547977e-05 7.839372e-04 3.435996e-03 4.851571e-03 1.799566e-03 1.306109e-04 0 0 5.305594e-14 -2.561223e-13 -5.152838e-12 -6.934275e-12 -8.213585e-12 -8.688395e-12 -2.960125e-11 -4.739966e-11 -5.513367e-11 -6.319273e-11 -8.940901e-11 -1.356847e-10 -1.540029e-10 -1.738374e-10 -1.962046e-10 -2.357121e-10 
5.367322e-10 -1.234173e-10 -3.076961e-10 -4.097253e-10 -4.849363e-10 -8.373677e-10 -9.741285e-10 -9.185992e-10 -8.545661e-10 -8.868243e-10 -9.526833e-10 -8.447108e-10 -7.519719e-10 -6.756324e-10 -6.476327e-10 -5.740401e-10 -5.074149e-10 -4.516133e-10 1.405959e-04 1.941605e-03 5.386019e-03 4.123011e-03 1.092484e-03 1.637168e-04 3.265388e-05 1.765590e-05 3.265388e-05 1.637168e-04 1.092484e-03 4.123011e-03 5.386019e-03 1.941605e-03 1.405959e-04 -4.516133e-10 -5.074149e-10 -5.740401e-10 -6.476327e-10 -6.756324e-10 -7.519719e-10 -8.447108e-10 -9.526833e-10 -8.868243e-10 -8.545661e-10 -9.185992e-10 -9.741285e-10 -8.373677e-10 -4.849363e-10 -4.097253e-10 -3.076961e-10 -1.234173e-10 5.367322e-10 
1.534497e-08 1.359900e-08 1.176908e-08 9.857249e-09 7.915799e-09 5.863333e-09 3.977924e-09 2.290481e-09 7.149260e-10 -7.839355e-10 -2.128729e-09 -2.995763e-09 -3.689650e-09 -4.284455e-09 -5.060390e-09 -5.280876e-09 -5.366029e-09 -5.385332e-09 1.500439e-04 2.077095e-03 5.931756e-03 4.917485e-03 1.517616e-03 2.803260e-04 6.748525e-05 3.934170e-05 6.748525e-05 2.803260e-04 1.517616e-03 4.917485e-03 5.931756e-03 2.077095e-03 1.500439e-04 -5.385332e-09 -5.366029e-09 -5.280876e-09 -5.060390e-09 -4.284455e-09 -3.689650e-09 -2.995763e-09 -2.128729e-09 -7.839355e-10 7.149260e-10 2.290481e-09 3.977924e-09 5.863333e-09 7.915799e-09 9.857249e-09 1.176908e-08 1.359900e-08 1.534497e-08 
1.401368e-07 1.390402e-07 1.359832e-07 1.309709e-07 1.240867e-07 1.155004e-07 1.054155e-07 9.411583e-08 8.184303e-08 6.917580e-08 5.638125e-08 4.374039e-08 3.158585e-08 2.017488e-08 9.709117e-09 1.410148e-10 -8.206877e-09 -1.536836e-08 1.589037e-04 2.205332e-03 6.484640e-03 5.827745e-03 2.098958e-03 4.781927e-04 1.387668e-04 8.712027e-05 1.387668e-04 4.781927e-04 2.098958e-03 5.827745e-03 6.484640e-03 2.205332e-03 1.589037e-04 -1.536836e-08 -8.206877e-09 1.410148e-10 9.709117e-09 2.017488e-08 3.158585e-08 4.374039e-08 5.638125e-08 6.917580e-08 8.184303e-08 9.411583e-08 1.054155e-07 1.155004e-07 1.240867e-07 1.309709e-07 1.359832e-07 1.390402e-07 1.401368e-07 
8.790052e-07 9.392236e-07 9.920616e-07 1.037168e-06 1.073174e-06 1.098666e-06 1.112542e-06 1.114099e-06 1.103098e-06 1.079790e-06 1.044937e-06 9.997792e-07 9.459510e-07 8.853963e-07 8.202570e-07 7.527638e-07 6.850974e-07 6.193249e-07 1.677385e-04 2.326198e-03 7.040074e-03 6.858718e-03 2.884857e-03 8.099849e-04 2.826536e-04 1.908585e-04 2.826536e-04 8.099849e-04 2.884857e-03 6.858718e-03 7.040074e-03 2.326198e-03 1.677385e-04 6.193249e-07 6.850974e-07 7.527638e-07 8.202570e-07 8.853963e-07 9.459510e-07 9.997792e-07 1.044937e-06 1.079790e-06 1.103098e-06 1.114099e-06 1.112542e-06 1.098666e-06 1.073174e-06 1.037168e-06 9.920616e-07 9.392236e-07 8.790052e-07 
4.090243e-06 4.617287e-06 5.157362e-06 5.714497e-06 6.282252e-06 6.850942e-06 7.409900e-06 7.947958e-06 8.453934e-06 8.917251e-06 9.328628e-06 9.680705e-06 9.968553e-06 1.018998e-05 1.034575e-05 1.043956e-05 1.047779e-05 1.046909e-05 1.852001e-04 2.447786e-03 7.600785e-03 8.017806e-03 3.937285e-03 1.362654e-03 5.729778e-04 4.169387e-04 5.729778e-04 1.362654e-03 3.937285e-03 8.017806e-03 7.600785e-03 2.447786e-03 1.852001e-04 1.046909e-05 1.047779e-05 1.043956e-05 1.034575e-05 1.018998e-05 9.968553e-06 9.680705e-06 9.328628e-06 8.917251e-06 8.453934e-06 7.947958e-06 7.409900e-06 6.850942e-06 6.282252e-06 5.714497e-06 5.157362e-06 4.617287e-06 4.090243e-06 
1.466054e-05 1.725676e-05 2.010461e-05 2.326248e-05 2.673918e-05 3.052546e-05 3.460185e-05 3.893824e-05 4.349325e-05 4.821463e-05 5.304093e-05 5.790386e-05 6.273098e-05 6.744829e-05 7.198383e-05 7.627067e-05 8.025349e-05 8.389175e-05 2.687960e-04 2.629720e-03 8.222359e-03 9.360483e-03 5.374378e-03 2.311331e-03 1.187084e-03 9.374385e-04 1.187084e-03 2.311331e-03 5.374378e-03 9.360483e-03 8.222359e-03 2.629720e-03 2.687960e-04 8.389175e-05 8.025349e-05 7.627067e-05 7.198383e-05 6.744829e-05 6.273098e-05 5.790386e-05 5.304093e-05 4.821463e-05 4.349325e-05 3.893824e-05 3.460185e-05 3.052546e-05 2.673918e-05 2.326248e-05 2.010461e-05 1.725676e-05 1.466054e-05 
4.154991e-05 5.049319e-05 6.073340e-05 7.260059e-05 8.627496e-05 1.018878e-04 1.195409e-04 1.392968e-04 1.611650e-04 1.850896e-04 2.109434e-04 2.387280e-04 2.682809e-04 2.993172e-04 3.311511e-04 3.632664e-04 3.947006e-04 4.248442e-04 6.411487e-04 3.111130e-03 9.151149e-03 1.113297e-02 7.510344e-03 4.069611e-03 2.575526e-03 2.207343e-03 2.575526e-03 4.069611e-03 7.510344e-03 1.113297e-02 9.151149e-03 3.111130e-03 6.411487e-04 4.248442e-04 3.947006e-04 3.632664e-04 3.311511e-04 2.993172e-04 2.682809e-04 2.387280e-04 2.109434e-04 1.850896e-04 1.611650e-04 1.392968e-04 1.195409e-04 1.018878e-04 8.627496e-05 7.260059e-05 6.073340e-05 5.049319e-05 4.154991e-05 
9.499214e-05 1.182350e-04 1.456437e-04 1.783712e-04 2.172490e-04 2.630418e-04 3.164813e-04 3.782835e-04 4.496403e-04 5.312428e-04 6.221820e-04 7.202993e-04 8.241651e-04 9.320926e-04 1.042826e-03 1.155617e-03 1.271105e-03 1.379637e-03 1.680494e-03 4.300643e-03 1.081470e-02 1.376870e-02 1.084135e-02 7.270580e-03 5.457039e-03 4.967098e-03 5.457039e-03 7.270580e-03 1.084135e-02 1.376870e-02 1.081470e-02 4.300643e-03 1.680494e-03 1.379637e-03 1.271105e-03 1.155617e-03 1.042826e-03 9.320926e-04 8.241651e-04 7.202993e-04 6.221820e-04 5.312428e-04 4.496403e-04 3.782835e-04 3.164813e-04 2.630418e-04 2.172490e-04 1.783712e-04 1.456437e-04 1.182350e-04 9.499214e-05 
1.779273e-04 2.253381e-04 2.823933e-04 3.519304e-04 4.362628e-04 5.376516e-04 6.595673e-04 8.041468e-04 9.664476e-04 1.143401e-03 1.337404e-03 1.551985e-03 1.789565e-03 2.048792e-03 2.327649e-03 2.621111e-03 2.924483e-03 3.229429e-03 3.726596e-03 6.589832e-03 1.364591e-02 1.771709e-02 1.586247e-02 1.255643e-02 1.060397e-02 1.003401e-02 1.060397e-02 1.255643e-02 1.586247e-02 1.771709e-02 1.364591e-02 6.589832e-03 3.726596e-03 3.229429e-03 2.924483e-03 2.621111e-03 2.327649e-03 2.048792e-03 1.789565e-03 1.551985e-03 1.337404e-03 1.143401e-03 9.664476e-04 8.041468e-04 6.595673e-04 5.376516e-04 4.362628e-04 3.519304e-04 2.823933e-04 2.253381e-04 1.779273e-04 
2.762746e-04 3.540203e-04 4.488370e-04 5.659543e-04 7.098652e-04 8.868404e-04 1.092642e-03 1.315911e-03 1.571467e-03 1.873006e-03 2.224909e-03 2.627426e-03 3.078620e-03 3.575839e-03 4.113818e-03 4.685148e-03 5.278717e-03 5.881800e-03 6.678310e-03 9.874890e-03 1.753081e-02 2.281064e-02 2.235559e-02 1.977395e-02 1.797620e-02 1.741366e-02 1.797620e-02 1.977395e-02 2.235559e-02 2.281064e-02 1.753081e-02 9.874890e-03 6.678310e-03 5.881800e-03 5.278717e-03 4.685148e-03 4.113818e-03 3.575839e-03 3.078620e-03 2.627426e-03 2.224909e-03 1.873006e-03 1.571467e-03 1.315911e-03 1.092642e-03 8.868404e-04 7.098652e-04 5.659543e-04 4.488370e-04 3.540203e-04 2.762746e-04 
3.585762e-04 4.626084e-04 5.904478e-04 7.495577e-04 9.475773e-04 1.181005e-03 1.427094e-03 1.727527e-03 2.096082e-03 2.530932e-03 3.035348e-03 3.611628e-03 4.260794e-03 4.979912e-03 5.763055e-03 6.598772e-03 7.472773e-03 8.364027e-03 9.452054e-03 1.296690e-02 2.117824e-02 2.764054e-02 2.874973e-02 2.726762e-02 2.593576e-02 2.548889e-02 2.593576e-02 2.726762e-02 2.874973e-02 2.764054e-02 2.117824e-02 1.296690e-02 9.452054e-03 8.364027e-03 7.472773e-03 6.598772e-03 5.763055e-03 4.979912e-03 4.260794e-03 3.611628e-03 3.035348e-03 2.530932e-03 2.096082e-03 1.727527e-03 1.427094e-03 1.181005e-03 9.475773e-04 7.495577e-04 5.904478e-04 4.626084e-04 3.585762e-04 
3.909243e-04 5.054609e-04 6.465549e-04 8.225985e-04 1.043267e-03 1.283901e-03 1.553739e-03 1.898549e-03 2.311863e-03 2.798865e-03 3.364770e-03 4.012721e-03 4.744084e-03 5.555806e-03 6.440839e-03 7.388006e-03 8.379631e-03 9.391562e-03 1.060564e-02 1.426804e-02 2.285597e-02 3.031122e-02 3.292559e-02 3.271520e-02 3.206182e-02 3.181519e-02 3.206182e-02 3.271520e-02 3.292559e-02 3.031122e-02 2.285597e-02 1.426804e-02 1.060564e-02 9.391562e-03 8.379631e-03 7.388006e-03 6.440839e-03 5.555806e-03 4.744084e-03 4.012721e-03 3.364770e-03 2.798865e-03 2.311863e-03 1.898549e-03 1.553739e-03 1.283901e-03 1.043267e-03 8.225985e-04 6.465549e-04 5.054609e-04 3.909243e-04 
3.585762e-04 4.626084e-04 5.904478e-04 7.495577e-04 9.475773e-04 1.181005e-03 1.427094e-03 1.727527e-03 2.096082e-03 2.530932e-03 3.035348e-03 3.611628e-03 4.260794e-03 4.979912e-03 5.763055e-03 6.598772e-03 7.472773e-03 8.364027e-03 9.455458e-03 1.302607e-02 2.174135e-02 2.991788e-02 3.379989e-02 3.479478e-02 3.485917e-02 3.483987e-02 3.485917e-02 3.479478e-02 3.379989e-02 2.991788e-02 2.174135e-02 1.302607e-02 9.455458e-03 8.364027e-03 7.472773e-03 6.598772e-03 5.763055e-03 4.979912e-03 4.260794e-03 3.611628e-03 3.035348e-03 2.530932e-03 2.096082e-03 1.727527e-03 1.427094e-03 1.181005e-03 9.475773e-04 7.495577e-04 5.904478e-04 4.626084e-04 3.585762e-04 
2.762746e-04 3.540203e-04 4.488370e-04 5.659543e-04 7.098652e-04 8.868404e-04 1.092642e-03 1.315911e-03 1.571467e-03 1.873006e-03 2.224909e-03 2.627426e-03 3.078620e-03 3.575839e-03 4.113818e-03 4.685148e-03 5.278717e-03 5.881800e-03 6.685120e-03 9.993145e-03 1.865093e-02 2.730262e-02 3.216059e-02 3.413969e-02 3.480533e-02 3.497801e-02 3.480533e-02 3.413969e-02 3.216059e-02 2.730262e-02 1.865093e-02 9.993145e-03 6.685120e-03 5.881800e-03 5.278717e-03 4.685148e-03 4.113818e-03 3.575839e-03 3.078620e-03 2.627426e-03 2.224909e-03 1.873006e-03 1.571467e-03 1.315911e-03 1.092642e-03 8.868404e-04 7.098652e-04 5.659543e-04 4.488370e-04 3.540203e-04 2.762746e-04 
1.779273e-04 2.253381e-04 2.823933e-04 3.519304e-04 4.362628e-04 5.376516e-04 6.595673e-04 8.041468e-04 9.664476e-04 1.143401e-03 1.337404e-03 1.551985e-03 1.789565e-03 2.048792e-03 2.327649e-03 2.621111e-03 2.924483e-03 3.229429e-03 3.736799e-03 6.766634e-03 1.530757e-02 2.428973e-02 2.985429e-02 3.252557e-02 3.358527e-02 3.387617e-02 3.358527e-02 3.252557e-02 2.985429e-02 2.428973e-02 1.530757e-02 6.766634e-03 3.736799e-03 3.229429e-03 2.924483e-03 2.621111e-03 2.327649e-03 2.048792e-03 1.789565e-03 1.551985e-03 1.337404e-03 1.143401e-03 9.664476e-04 8.041468e-04 6.595673e-04 5.376516e-04 4.362628e-04 3.519304e-04 2.823933e-04 2.253381e-04 1.779273e-04 
9.499214e-05 1.182350e-04 1.456437e-04 1.783712e-04 2.172490e-04 2.630418e-04 3.164813e-04 3.782835e-04 4.496403e-04 5.312428e-04 6.221820e-04 7.202993e-04 8.241651e-04 9.320926e-04 1.042826e-03 1.155617e-03 1.271105e-03 1.379637e-03 1.694048e-03 4.534761e-03 1.299076e-02 2.221799e-02 2.825600e-02 3.134153e-02 3.259086e-02 3.292531e-02 3.259086e-02 3.134153e-02 2.825600e-02 2.221799e-02 1.299076e-02 4.534761e-03 1.694048e-03 1.379637e-03 1.271105e-03 1.155617e-03 1.042826e-03 9.320926e-04 8.241651e-04 7.202993e-04 6.221820e-04 5.312428e-04 4.496403e-04 3.782835e-04 3.164813e-04 2.630418e-04 2.172490e-04 1.783712e-04 1.456437e-04 1.182350e-04 9.499214e-05 
4.154991e-05 5.049319e-05 6.073340e-05 7.260059e-05 8.627496e-05 1.018878e-04 1.195409e-04 1.392968e-04 1.611650e-04 1.850896e-04 2.109434e-04 2.387280e-04 2.682809e-04 2.993172e-04 3.311511e-04 3.632664e-04 3.947006e-04 4.248442e-04 6.579821e-04 3.400693e-03 1.180426e-02 2.120566e-02 2.751524e-02 3.080318e-02 3.210978e-02 3.244466e-02 3.210978e-02 3.080318e-02 2.751524e-02 2.120566e-02 1.180426e-02 3.400693e-03 6.579821e-04 4.248442e-04 3.947006e-04 3.632664e-04 3.311511e-04 2.993172e-04 2.682809e-04 2.387280e-04 2.109434e-04 1.850896e-04 1.611650e-04 1.392968e-04 1.195409e-04 1.018878e-04 8.627496e-05 7.260059e-05 6.073340e-05 5.049319e-05 4.154991e-05 
1.466054e-05 1.725676e-05 2.010461e-05 2.326248e-05 2.673918e-05 3.052546e-05 3.460185e-05 3.893824e-05 4.349325e-05 4.821463e-05 5.304093e-05 5.790386e-05 6.273098e-05 6.744829e-05 7.198383e-05 7.627067e-05 8.025349e-05 8.389175e-05 2.888192e-04 2.972405e-03 1.130781e-02 2.078115e-02 2.718799e-02 3.055882e-02 3.188748e-02 3.221766e-02 3.188748e-02 3.055882e-02 2.718799e-02 2.078115e-02 1.130781e-02 2.972405e-03 2.888192e-04 8.389175e-05 8.025349e-05 7.627067e-05 7.198383e-05 6.744829e-05 6.273098e-05 5.790386e-05 5.304093e-05 4.821463e-05 4.349325e-05 3.893824e-05 3.460185e-05 3.052546e-05 2.673918e-05 2.326248e-05 2.010461e-05 1.725676e-05 1.466054e-05 
4.090243e-06 4.617287e-06 5.157362e-06 5.714497e-06 6.282252e-06 6.850942e-06 7.409900e-06 7.947958e-06 8.453934e-06 8.917251e-06 9.328628e-06 9.680705e-06 9.968553e-06 1.018998e-05 1.034575e-05 1.043956e-05 1.047779e-05 1.046909e-05 2.083104e-04 2.840948e-03 1.106875e-02 2.051031e-02 2.690017e-02 3.033127e-02 3.172434e-02 3.207354e-02 3.172434e-02 3.033127e-02 2.690017e-02 2.051031e-02 1.106875e-02 2.840948e-03 2.083104e-04 1.046909e-05 1.047779e-05 1.043956e-05 1.034575e-05 1.018998e-05 9.968553e-06 9.680705e-06 9.328628e-06 8.917251e-06 8.453934e-06 7.947958e-06 7.409900e-06 6.850942e-06 6.282252e-06 5.714497e-06 5.157362e-06 4.617287e-06 4.090243e-06 
8.790052e-07 9.392236e-07 9.920616e-07 1.037168e-06 1.073174e-06 1.098666e-06 1.112542e-06 1.114099e-06 1.103098e-06 1.079790e-06 1.044937e-06 9.997792e-07 9.459510e-07 8.853963e-07 8.202570e-07 7.527638e-07 6.850974e-07 6.193249e-07 1.938215e-04 2.766924e-03 1.083712e-02 2.016039e-02 2.648194e-02 3.001001e-02 3.153759e-02 3.193727e-02 3.153759e-02 3.001001e-02 2.648194e-02 2.016039e-02 1.083712e-02 2.766924e-03 1.938215e-04 6.193249e-07 6.850974e-07 7.527638e-07 8.202570e-07 8.853963e-07 9.459510e-07 9.997792e-07 1.044937e-06 1.079790e-06 1.103098e-06 1.114099e-06 1.112542e-06 1.098666e-06 1.073174e-06 1.037168e-06 9.920616e-07 9.392236e-07 8.790052e-07 
1.401368e-07 1.390402e-07 1.359832e-07 1.309709e-07 1.240867e-07 1.155004e-07 1.054155e-07 9.411583e-08 8.184303e-08 6.917580e-08 5.638125e-08 4.374039e-08 3.158585e-08 2.017488e-08 9.709117e-09 1.410148e-10 -8.206877e-09 -1.536836e-08 1.878320e-04 2.690441e-03 1.055466e-02 1.969715e-02 2.594698e-02 2.962172e-02 3.134138e-02 3.181635e-02 3.134138e-02 2.962172e-02 2.594698e-02 1.969715e-02 1.055466e-02 2.690441e-03 1.878320e-04 -1.536836e-08 -8.206877e-09 1.410148e-10 9.709117e-09 2.017488e-08 3.158585e-08 4.374039e-08 5.638125e-08 6.917580e-08 8.184303e-08 9.411583e-08 1.054155e-07 1.155004e-07 1.240867e-07 1.309709e-07 1.359832e-07 1.390402e-07 1.401368e-07 
1.534497e-08 1.359900e-08 1.176908e-08 9.857249e-09 7.915799e-09 5.863333e-09 3.977924e-09 2.290481e-09 7.149260e-10 -7.839355e-10 -2.128729e-09 -2.995763e-09 -3.689650e-09 -4.284455e-09 -5.060390e-09 -5.280876e-09 -5.366029e-09 -5.385332e-09 1.816773e-04 2.603165e-03 1.021717e-02 1.913843e-02 2.533768e-02 2.918876e-02 3.112734e-02 3.169034e-02 3.112734e-02 2.918876e-02 2.533768e-02 1.913843e-02 1.021717e-02 2.603165e-03 1.816773e-04 -5.385332e-09 -5.366029e-09 -5.280876e-09 -5.060390e-09 -4.284455e-09 -3.689650e-09 -2.995763e-09 -2.128729e-09 -7.839355e-10 7.149260e-10 2.290481e-09 3.977924e-09 5.863333e-09 7.915799e-09 9.857249e-09 1.176908e-08 1.359900e-08 1.534497e-08 
5.367322e-10 -1.234173e-10 -3.076961e-10 -4.097253e-10 -4.849363e-10 -8.373677e-10 -9.741285e-10 -9.185992e-10 -8.545661e-10 -8.868243e-10 -9.526833e-10 -8.447108e-10 -7.519719e-10 -6.756324e-10 -6.476327e-10 -5.740401e-10 -5.074149e-10 -4.516133e-10 1.747818e-04 2.505016e-03 9.828949e-03 1.850502e-02 2.467929e-02 2.870492e-02 3.085866e-02 3.151086e-02 3.085866e-02 2.870492e-02 2.467929e-02 1.850502e-02 9.828949e-03 2.505016e-03 1.747818e-04 -4.516133e-10 -5.074149e-10 -5.740401e-10 -6.476327e-10 -6.756324e-10 -7.519719e-10 -8.447108e-10 -9.526833e-10 -8.868243e-10 -8.545661e-10 -9.185992e-10 -9.741285e-10 -8.373677e-10 -4.849363e-10 -4.097253e-10 -3.076961e-10 -1.234173e-10 5.367322e-10 
-2.357121e-10 -1.962046e-10 -1.738374e-10 -1.540029e-10 -1.356847e-10 -8.940901e-11 -6.319273e-11 -5.513367e-11 -4.739966e-11 -2.960125e-11 -8.688395e-12 -8.213585e-12 -6.934275e-12 -5.152838e-12 -2.561223e-13 5.305594e-14 0 0 1.671856e-04 2.396546e-03 9.394902e-03 1.781185e-02 2.397931e-02 2.815055e-02 3.049227e-02 3.122539e-02 3.049227e-02 2.815055e-02 2.397931e-02 1.781185e-02 9.394902e-03 2.396546e-03 1.671856e-04 0 0 5.305594e-14 -2.561223e-13 -5.152838e-12 -6.934275e-12 -8.213585e-12 -8.688395e-12 -2.960125e-11 -4.739966e-11 -5.513367e-11 -6.319273e-11 -8.940901e-11 -1.356847e-10 -1.540029e-10 -1.738374e-10 -1.962046e-10 -2.357121e-10 
0 0 0 0 0 0 0 0 0 0 0 0 0 0 0 0 0 0 1.589295e-04 2.278349e-03 8.919847e-03 1.706744e-02 2.323461e-02 2.750576e-02 2.999219e-02 3.079076e-02 2.999219e-02 2.750576e-02 2.323461e-02 1.706744e-02 8.919847e-03 2.278349e-03 1.589295e-04 0 0 0 0 0 0 0 0 0 0 0 0 0 0 0 0 0 0 
0 0 0 0 0 0 0 0 0 0 0 0 0 0 0 0 0 0 1.500538e-04 2.151060e-03 8.408363e-03 1.627460e-02 2.243710e-02 2.675613e-02 2.933391e-02 3.017760e-02 2.933391e-02 2.675613e-02 2.243710e-02 1.627460e-02 8.408363e-03 2.151060e-03 1.500538e-04 0 0 0 0 0 0 0 0 0 0 0 0 0 0 0 0 0 0 
0 0 0 0 0 0 0 0 0 0 0 0 0 0 0 0 0 0 1.406008e-04 2.015352e-03 7.864715e-03 1.543159e-02 2.157675e-02 2.589334e-02 2.850480e-02 2.937085e-02 2.850480e-02 2.589334e-02 2.157675e-02 1.543159e-02 7.864715e-03 2.015352e-03 1.406008e-04 0 0 0 0 0 0 0 0 0 0 0 0 0 0 0 0 0 0 
0 0 0 0 0 0 0 0 0 0 0 0 0 0 0 0 0 0 1.306153e-04 1.871927e-03 7.292812e-03 1.453341e-02 2.064210e-02 2.491384e-02 2.750281e-02 2.836838e-02 2.750281e-02 2.491384e-02 2.064210e-02 1.453341e-02 7.292812e-03 1.871927e-03 1.306153e-04 0 0 0 0 0 0 0 0 0 0 0 0 0 0 0 0 0 0 
0 0 0 0 0 0 0 0 0 0 0 0 0 0 0 0 0 0 1.201444e-04 1.721513e-03 6.696211e-03 1.357321e-02 1.961925e-02 2.381616e-02 2.633404e-02 2.717826e-02 2.633404e-02 2.381616e-02 1.961925e-02 1.357321e-02 6.696211e-03 1.721513e-03 1.201444e-04 0 0 0 0 0 0 0 0 0 0 0 0 0 0 0 0 0 0 
0 0 0 0 0 0 0 0 0 0 0 0 0 0 0 0 0 0 1.092369e-04 1.564858e-03 6.078144e-03 1.254355e-02 1.849021e-02 2.259717e-02 2.500890e-02 2.581463e-02 2.500890e-02 2.259717e-02 1.849021e-02 1.254355e-02 6.078144e-03 1.564858e-03 1.092369e-04 0 0 0 0 0 0 0 0 0 0 0 0 0 0 0 0 0 0 
0 0 0 0 0 0 0 0 0 0 0 0 0 0 0 0 0 0 9.794305e-05 1.402721e-03 5.441581e-03 1.143768e-02 1.723154e-02 2.124645e-02 2.353601e-02 2.429195e-02 2.353601e-02 2.124645e-02 1.723154e-02 1.143768e-02 5.441581e-03 1.402721e-03 9.794305e-05 0 0 0 0 0 0 0 0 0 0 0 0 0 0 0 0 0 0 
0 0 0 0 0 0 0 0 0 0 0 0 0 0 0 0 0 0 8.631459e-05 1.235868e-03 4.789294e-03 1.025060e-02 1.581425e-02 1.973885e-02 2.191261e-02 2.261576e-02 2.191261e-02 1.973885e-02 1.581425e-02 1.025060e-02 4.789294e-03 1.235868e-03 8.631459e-05 0 0 0 0 0 0 0 0 0 0 0 0 0 0 0 0 0 0 
0 0 0 0 0 0 0 0 0 0 0 0 0 0 0 0 0 0 7.440403e-05 1.065071e-03 4.123920e-03 8.980173e-03 1.420598e-02 1.802692e-02 2.010998e-02 2.076744e-02 2.010998e-02 1.802692e-02 1.420598e-02 8.980173e-03 4.123920e-03 1.065071e-03 7.440403e-05 0 0 0 0 0 0 0 0 0 0 0 0 0 0 0 0 0 0 
0 0 0 0 0 0 0 0 0 0 0 0 0 0 0 0 0 0 6.226456e-05 8.910984e-04 3.448028e-03 7.627990e-03 1.237620e-02 1.603744e-02 1.805529e-02 1.868197e-02 1.805529e-02 1.603744e-02 1.237620e-02 7.627990e-03 3.448028e-03 8.910984e-04 6.226456e-05 0 0 0 0 0 0 0 0 0 0 0 0 0 0 0 0 0 0 
0 0 0 0 0 0 0 0 0 0 0 0 0 0 0 0 0 0 4.994967e-05 7.147139e-04 2.764160e-03 6.199961e-03 1.030440e-02 1.367990e-02 1.562055e-02 1.622726e-02 1.562055e-02 1.367990e-02 1.030440e-02 6.199961e-03 2.764160e-03 7.147139e-04 4.994967e-05 0 0 0 0 0 0 0 0 0 0 0 0 0 0 0 0 0 0 
0 0 0 0 0 0 0 0 0 0 0 0 0 0 0 0 0 0 3.751287e-05 5.366738e-04 2.074861e-03 4.706584e-03 7.989630e-03 1.087376e-02 1.264164e-02 1.321226e-02 1.264164e-02 1.087376e-02 7.989630e-03 4.706584e-03 2.074861e-03 5.366738e-04 3.751287e-05 0 0 0 0 0 0 0 0 0 0 0 0 0 0 0 0 0 0 
0 0 0 0 0 0 0 0 0 0 0 0 0 0 0 0 0 0 2.500736e-05 3.577229e-04 1.382690e-03 3.162715e-03 5.458425e-03 7.592744e-03 8.991062e-03 9.462625e-03 8.991062e-03 7.592744e-03 5.458425e-03 3.162715e-03 1.382690e-03 3.577229e-04 2.500736e-05 0 0 0 0 0 0 0 0 0 0 0 0 0 0 0 0 0 0 
